0 0 0 0
594 593.99 2.39 -0.40
605 604.99 2.34 -0.60
632 631.92 1.52 -2.19
661 660.77 0.09 -4.83
698 697.33 -2.76 -9.67
745 743.46 -7.66 -17.23
773 770.70 -11.29 -22.59
791 788.06 -13.83 -26.59
810 806.25 -16.68 -31.27
853 846.65 -24.75 -43.55
908 896.78 -36.51 -62.85
967 948.63 -50.32 -87.33
1023 995.35 -64.61 -114.66
1050 1017.05 -71.55 -129.13
1064 1028.06 -75.33 -136.91
1077 1038.10 -78.91 -144.36
1105 1059.16 -86.88 -160.99
1135 1081.34 -96.06 -178.99
1149 1091.63 -100.54 -187.37
1206 1133.65 -118.41 -221.47
1305 1206.57 -149.73 -280.64
1402 1278.02 -182.15 -337.67
1501 1350.94 -214.31 -396.41
1601 1424.45 -245.48 -456.61
1699 1496.52 -275.65 -515.76
1741 1527.50 -288.23 -541.17
1755 1537.80 -292.47 -549.66
1770 1548.77 -297.06 -558.81
1817.22 1582.94 -311.69 -587.92
1845.5 1603.32 -320.63 -605.37
1930.2 1665.70 -347.37 -656.04
2015.1 1728.95 -372.57 -706.75
2099.2 1791.47 -398.55 -756.63
2183.7 1856.91 -424.12 -803.58
2270.2 1924.65 -449.35 -851.08
2352.6 1990.60 -471.50 -895.22
2435.6 2059.32 -493.37 -936.28
2492.9 2107.13 -508.80 -963.84
2520.9 2130.39 -516.45 -977.42
2549.3 2154.33 -524.56 -990.34
2605.4 2202.97 -540.73 -1013.16
2689.4 2276.71 -564.03 -1045.92
2717.8 2301.78 -571.40 -1057.05
2803.1 2378.15 -591.30 -1089.42
2887.5 2453.70 -609.68 -1122.23
2973.9 2532.23 -624.62 -1154.95
3037.2 2591.02 -631.26 -1177.42
